classic: 0.007805228233337402
Swap: 0.4446392059326172
clasSwap: 0.33897882158106024
popMod: 1.6303565285422585
popModSwap: 21.960834644057535