classic: 0.0009701251983642578
Swap: 0.03091342882676558
clasSwap: 0.025463884527033024
popMod: 0.07159473679282448
popModSwap: 1.3909596638246016